longitude: -79.50556194953222
latitude: 43.77236620318983
altitude: 188 meters